[gd_scene load_steps=6 format=2]

[ext_resource path="res://Player.tscn" type="PackedScene" id=1]
[ext_resource path="res://Wind.tscn" type="PackedScene" id=2]

[sub_resource type="BoxShape" id=1]
extents = Vector3( 100, 1, 100 )

[sub_resource type="CubeMesh" id=2]
size = Vector3( 200, 2, 200 )

[sub_resource type="SpatialMaterial" id=3]
albedo_color = Color( 0.207843, 0.498039, 0.686275, 1 )

[node name="Main" type="Node"]

[node name="Player" parent="." instance=ExtResource( 1 )]
transform = Transform( 0.707107, 0, 0.707107, 0, 1, 0, -0.707107, 0, 0.707107, 0, 0, 0 )

[node name="Water" type="StaticBody" parent="."]
transform = Transform( 1, 0, 0, 0, 1, 0, 0, 0, 1, 0, -1, 0 )
__meta__ = {
"_edit_group_": true,
"_edit_lock_": true
}

[node name="CollisionShape" type="CollisionShape" parent="Water"]
shape = SubResource( 1 )

[node name="MeshInstance" type="MeshInstance" parent="Water"]
mesh = SubResource( 2 )
material/0 = SubResource( 3 )

[node name="CameraPivot" type="Position3D" parent="."]
transform = Transform( 1, 0, 0, 0, 0.5, 0.866025, 0, -0.866025, 0.5, 0, 25, 20 )

[node name="Camera" type="Camera" parent="CameraPivot"]

[node name="DirectionalLight" type="DirectionalLight" parent="."]
transform = Transform( 1, 0, 0, 0, -0.258819, 0.965926, 0, -0.965926, -0.258819, 0, 26, 0 )
shadow_enabled = true

[node name="Wind" parent="." instance=ExtResource( 2 )]
